//
// left:  70
// right: 39
//
time: 2.176170
cycles: 217617
pos: 0.043419
vel: -5.469899
acl: 12831.440061
punch: 876.111204

time: 15.253320
cycles: 1525332
pos: 0.035783
vel: -4.806152
acl: -1331.212430
punch: 4.400168

time: 274.947000
cycles: 27494700
pos: 0.035819
vel: -4.808085
acl: -1332.226452
punch: -4.479377
